250 2000 204799 2000 44201 2000 40499 2000 40700 2000 40900 2000 40499 2000 40100 2000 59700 2000 44501 2000 58601 2000 55099 2000 48501 2000 33099 2000 50999 2000 58101 2000 59401 2000 42799 2000 41500 2000 34300 2000 33099 2000 33301 2000 33801 2000 35500 2000 31999 2000 30300 2000 34501 2000 36600 2000 33100 2000 32400 2000 33800 2000 32099 2000 35400 2000 29500 2000 34601 2000 35000 2000 68600 2000 34801 2000 35899 2000 29599 2000 27300 2000 28701 2000 34500 2000 22900 2000 23200 2000 23000 2000 25300 2000 23200 2000 22200 2000 23500 2000 26099 
375 3374 37800 3374 40499 3374 38200 3374 37300 3374 37300 3374 37500 3374 36900 3374 39600 3374 37200 3374 38400 3374 36000 3374 62701 3374 40900 3374 40400 3374 41099 3374 36299 3374 39100 3374 41401 3374 36599 3374 37300 3374 46900 3374 37000 3374 35600 3374 49400 3374 37200 3374 41601 3374 41301 3374 36200 3374 39001 3374 45100 3374 42999 3374 40900 3374 37100 3374 75400 3374 37700 3374 38100 3374 38999 3374 39500 3374 38000 3374 38200 3374 46100 3374 78099 3374 56701 3374 62100 3374 28400 3374 27701 3374 29400 3374 26700 3374 30101 3374 38600 
500 4500 42700 4500 39200 4500 37400 4500 80000 4500 38600 4500 37099 4500 36800 4500 39800 4500 37000 4500 36700 4500 43399 4500 40600 4500 36500 4500 38500 4500 42101 4500 39700 4500 50299 4500 38700 4500 37899 4500 78901 4500 41201 4500 40099 4500 43200 4500 38900 4500 39400 4500 38500 4500 37700 4500 37300 4500 39200 4500 41300 4500 35100 4500 35999 4500 40900 4500 38000 4500 36500 4500 74000 4500 46500 4500 43301 4500 44599 4500 43599 4500 45900 4500 39600 4500 38800 4500 37300 4500 38600 4500 38400 4500 36300 4500 37900 4500 39900 4500 41901 
625 6246 50301 6246 106800 6246 45701 6246 45600 6246 45101 6246 46000 6246 48899 6246 58500 6246 46999 6246 47500 6246 48001 6246 51399 6246 44999 6246 46201 6246 101600 6246 47800 6246 46200 6246 46400 6246 48400 6246 49500 6246 55100 6246 48000 6246 48200 6246 44200 6246 44300 6246 45500 6246 43301 6246 53700 6246 55299 6246 45000 6246 43800 6246 45300 6246 43500 6246 43800 6246 49100 6246 45301 6246 45600 6246 43901 6246 44400 6246 44700 6246 43201 6246 42800 6246 44900 6246 43200 6246 45500 6246 46000 6246 44299 6246 44301 6246 42700 6246 44499 
750 7500 53400 7500 53400 7500 52900 7500 52500 7500 57400 7500 53200 7500 54701 7500 54600 7500 62701 7500 65599 7500 62800 7500 52601 7500 52600 7500 54500 7500 53500 7500 53900 7500 53300 7500 53300 7500 53500 7500 53600 7500 53600 7500 54800 7500 53400 7500 55500 7500 55900 7500 53400 7500 54700 7500 54400 7500 54000 7500 53400 7500 53000 7500 58101 7500 54000 7500 57201 7500 54699 7500 53800 7500 54499 7500 53100 7500 55300 7500 52800 7500 53799 7500 54000 7500 63000 7500 54499 7500 53400 7500 55300 7500 57001 7500 58501 7500 53900 7500 52199 
875 8749 63699 8749 76900 8749 74201 8749 65500 8749 67800 8749 64700 8749 82400 8749 69699 8749 77900 8749 84000 8749 81299 8749 69100 8749 70199 8749 69999 8749 67900 8749 66599 8749 68300 8749 72901 8749 72000 8749 69700 8749 72901 8749 67100 8749 71100 8749 65500 8749 66700 8749 62900 8749 67100 8749 68200 8749 62999 8749 73100 8749 62899 8749 63000 8749 70100 8749 69100 8749 64801 8749 63600 8749 67900 8749 63600 8749 74001 8749 77399 8749 77999 8749 76600 8749 77400 8749 63901 8749 61600 8749 63201 8749 61400 8749 68200 8749 62600 8749 65501 
1000 10000 72201 10000 72999 10000 72700 10000 71801 10000 87500 10000 87199 10000 74500 10000 73901 10000 71300 10000 98100 10000 79601 10000 76700 10000 71200 10000 72800 10000 87299 10000 73899 10000 80899 10000 84500 10000 72101 10000 72100 10000 73900 10000 73399 10000 72400 10000 83700 10000 71300 10000 73201 10000 77100 10000 71501 10000 74000 10000 72600 10000 72200 10000 73600 10000 75101 10000 70200 10000 71099 10000 72800 10000 71099 10000 80800 10000 72200 10000 72001 10000 72101 10000 72001 10000 74300 10000 74401 10000 71901 10000 72299 10000 71100 10000 70999 10000 104500 10000 74200 
1125 12373 85199 12373 85500 12373 84000 12373 84400 12373 84800 12373 84200 12373 86700 12373 85701 12373 85400 12373 86501 12373 84100 12373 88100 12373 118300 12373 94699 12373 88099 12373 84600 12373 106300 12373 85100 12373 85900 12373 88000 12373 88700 12373 85400 12373 84500 12373 95600 12373 88201 12373 103000 12373 82700 12373 83700 12373 88700 12373 88599 12373 93100 12373 87599 12373 93001 12373 91500 12373 85901 12373 89499 12373 92200 12373 86800 12373 84600 12373 90700 12373 84700 12373 90100 12373 82500 12373 84800 12373 91000 12373 84300 12373 85900 12373 89901 12373 104900 12373 92201 
1250 13750 99800 13750 96701 13750 94700 13750 93100 13750 92999 13750 94301 13750 95400 13750 103900 13750 96800 13750 92600 13750 93901 13750 94800 13750 92301 13750 94100 13750 92000 13750 98000 13750 91700 13750 89400 13750 91200 13750 97001 13750 91300 13750 90900 13750 92899 13750 95900 13750 92601 13750 93700 13750 92900 13750 91600 13750 94299 13750 97401 13750 93099 13750 91600 13750 93600 13750 94499 13750 93800 13750 93000 13750 96900 13750 92100 13750 91200 13750 91600 13750 93600 13750 93101 13750 91900 13750 92600 13750 90300 13750 97599 13750 92801 13750 92100 13750 92300 13750 93600 
1375 15124 114900 15124 105500 15124 103500 15124 105500 15124 110301 15124 103799 15124 107000 15124 106900 15124 106100 15124 105201 15124 107801 15124 107600 15124 99700 15124 107399 15124 117301 15124 111500 15124 103199 15124 107799 15124 101401 15124 115300 15124 108499 15124 109300 15124 108600 15124 104699 15124 105901 15124 107000 15124 108900 15124 124299 15124 106101 15124 128000 15124 112100 15124 107800 15124 103401 15124 104000 15124 107301 15124 114300 15124 111000 15124 104900 15124 113100 15124 118500 15124 104800 15124 103799 15124 103301 15124 108700 15124 103000 15124 103200 15124 103100 15124 101901 15124 103300 15124 103399 
