250 1994 26400 1994 26400 1994 23601 1994 23299 1994 24201 1994 23601 1994 23299 1994 33300 1994 30100 1994 29200 1994 30200 1994 25899 1994 26001 1994 27701 1994 29100 1994 29501 1994 29401 1994 29000 1994 29399 1994 33301 1994 29700 1994 29700 1994 29600 1994 27301 1994 28901 1994 27900 1994 29400 1994 29900 1994 28500 1994 29300 1994 31001 1994 29300 1994 26000 1994 30300 1994 30000 1994 29500 1994 31800 1994 28900 1994 27401 1994 24400 1994 25299 1994 23399 1994 24799 1994 23100 1994 23501 1994 24699 1994 23400 1994 23700 1994 25500 1994 25600 
375 3238 37600 3238 39301 3238 36599 3238 36200 3238 36200 3238 37200 3238 36400 3238 45000 3238 37600 3238 35799 3238 42199 3238 39200 3238 36600 3238 38000 3238 40601 3238 37101 3238 35800 3238 40200 3238 36001 3238 38700 3238 43400 3238 36499 3238 36599 3238 36599 3238 35800 3238 36300 3238 35799 3238 44900 3238 37599 3238 37600 3238 41601 3238 36600 3238 37101 3238 37800 3238 39800 3238 39601 3238 35401 3238 35400 3238 38200 3238 38000 3238 43801 3238 49300 3238 47100 3238 42500 3238 50500 3238 39000 3238 38300 3238 38500 3238 38200 3238 45600 
500 4488 53300 4488 54400 4488 54801 4488 51900 4488 54000 4488 48701 4488 51100 4488 50199 4488 51801 4488 54000 4488 54701 4488 50200 4488 49200 4488 52101 4488 49899 4488 52500 4488 50000 4488 48800 4488 49300 4488 50299 4488 51099 4488 52201 4488 51801 4488 55399 4488 54500 4488 52001 4488 49499 4488 49799 4488 50300 4488 48299 4488 47600 4488 56501 4488 65899 4488 52401 4488 48300 4488 49300 4488 58299 4488 50900 4488 47400 4488 49001 4488 53300 4488 50199 4488 49201 4488 47800 4488 47600 4488 47200 4488 52500 4488 48801 4488 49599 4488 51300 
625 5851 64099 5851 66000 5851 61300 5851 61400 5851 61799 5851 63600 5851 64101 5851 62300 5851 65801 5851 63999 5851 63000 5851 65201 5851 61701 5851 65800 5851 61300 5851 61700 5851 61600 5851 61600 5851 69100 5851 67600 5851 69500 5851 63900 5851 64399 5851 60900 5851 61200 5851 60700 5851 60700 5851 75300 5851 77600 5851 62699 5851 65599 5851 63999 5851 63700 5851 67699 5851 62000 5851 61100 5851 64799 5851 61100 5851 63500 5851 62100 5851 65800 5851 63200 5851 60400 5851 61000 5851 60900 5851 62899 5851 61100 5851 61500 5851 61300 5851 61800 
750 7226 76200 7226 74800 7226 74499 7226 74600 7226 74800 7226 74900 7226 74799 7226 76100 7226 75800 7226 75699 7226 80100 7226 73401 7226 75201 7226 74001 7226 75200 7226 73601 7226 74201 7226 75500 7226 74901 7226 81699 7226 74501 7226 73900 7226 75201 7226 74300 7226 77299 7226 75000 7226 75600 7226 75500 7226 76700 7226 74600 7226 73900 7226 79099 7226 83900 7226 75800 7226 75301 7226 75900 7226 74601 7226 74300 7226 75500 7226 75601 7226 75601 7226 75100 7226 75000 7226 74801 7226 90400 7226 77200 7226 77100 7226 75100 7226 74301 7226 74201 
875 8601 100901 8601 109700 8601 97200 8601 94700 8601 91800 8601 94000 8601 132000 8601 113501 8601 101599 8601 127301 8601 109100 8601 98000 8601 93201 8601 89701 8601 92000 8601 90700 8601 89700 8601 92400 8601 93799 8601 96800 8601 88199 8601 95400 8601 93500 8601 91600 8601 91000 8601 89199 8601 95299 8601 88900 8601 92701 8601 89600 8601 87400 8601 95299 8601 93299 8601 97800 8601 91100 8601 87899 8601 91400 8601 93000 8601 89500 8601 92701 8601 92100 8601 91800 8601 90000 8601 87100 8601 91000 8601 90800 8601 86900 8601 87699 8601 90200 8601 92100 
1000 9976 100700 9976 99600 9976 98300 9976 100400 9976 124301 9976 113501 9976 100200 9976 101599 9976 101900 9976 119200 9976 101700 9976 103800 9976 98900 9976 99900 9976 102201 9976 102301 9976 106501 9976 99700 9976 98700 9976 100400 9976 101400 9976 100901 9976 100600 9976 102899 9976 100600 9976 102500 9976 98900 9976 100200 9976 101300 9976 100499 9976 100500 9976 105400 9976 99800 9976 99400 9976 98600 9976 97500 9976 104700 9976 99900 9976 99400 9976 101400 9976 100500 9976 100900 9976 100300 9976 97600 9976 99500 9976 98599 9976 98000 9976 96800 9976 103301 9976 101400 
1125 11452 115901 11452 114600 11452 117800 11452 115700 11452 114900 11452 115899 11452 120600 11452 126300 11452 114800 11452 114900 11452 124101 11452 123000 11452 143299 11452 122500 11452 117600 11452 115601 11452 122400 11452 119799 11452 121400 11452 119400 11452 116000 11452 115600 11452 119801 11452 121400 11452 120300 11452 122200 11452 117800 11452 117301 11452 119999 11452 127700 11452 119300 11452 118301 11452 123100 11452 127600 11452 119100 11452 128701 11452 116800 11452 120300 11452 125500 11452 127100 11452 117100 11452 119699 11452 112900 11452 122300 11452 126800 11452 113500 11452 119801 11452 114300 11452 117300 11452 118600 
1250 12952 133001 12952 125400 12952 127899 12952 124800 12952 133201 12952 131300 12952 146399 12952 127999 12952 124900 12952 128200 12952 134100 12952 126401 12952 125400 12952 125599 12952 132399 12952 123200 12952 126600 12952 124700 12952 129000 12952 125499 12952 125199 12952 127500 12952 126201 12952 126900 12952 128299 12952 125701 12952 125600 12952 127499 12952 125701 12952 125400 12952 125401 12952 127300 12952 125299 12952 125701 12952 125100 12952 124699 12952 131700 12952 123900 12952 127501 12952 128300 12952 131400 12952 127199 12952 125800 12952 129301 12952 125200 12952 124501 12952 125500 12952 124900 12952 126200 12952 154399 
1375 14452 149900 14452 137800 14452 142901 14452 142700 14452 139300 14452 150901 14452 146899 14452 138899 14452 156600 14452 149500 14452 148600 14452 145200 14452 142699 14452 154401 14452 144900 14452 152400 14452 145200 14452 162101 14452 143199 14452 146600 14452 147501 14452 154300 14452 151200 14452 145401 14452 137300 14452 182300 14452 147899 14452 145800 14452 153000 14452 147200 14452 156400 14452 156400 14452 140199 14452 144500 14452 142300 14452 146900 14452 138400 14452 142901 14452 142200 14452 167200 14452 143001 14452 139501 14452 141300 14452 138500 14452 144500 14452 141200 14452 141700 14452 142399 14452 139800 14452 138801 
